0 0.130469 0.638542 0.164062 0.081250
0 0.719531 0.638542 0.170313 0.081250
0 0.150781 0.830208 0.214062 0.085417
0 0.397656 0.328125 0.092188 0.056250
0 0.314063 0.328125 0.040625 0.056250
0 0.604688 0.165625 0.171875 0.056250
0 0.790625 0.550000 0.318750 0.066667
0 0.178125 0.328125 0.209375 0.064583
0 0.087500 0.552083 0.068750 0.058333
0 0.155469 0.725000 0.239063 0.066667
0 0.160938 0.480208 0.212500 0.068750
0 0.170313 0.228125 0.093750 0.031250
0 0.728906 0.477083 0.201563 0.066667
0 0.200781 0.268750 0.151562 0.033333
0 0.436719 0.163542 0.132812 0.052083
0 0.265625 0.223958 0.081250 0.039583
0 0.282813 0.552083 0.262500 0.062500
