0 0.615313 0.540833 0.746875 0.230000
0 0.180625 0.822083 0.117500 0.039167
0 0.261250 0.820000 0.032500 0.031667
0 0.345000 0.818333 0.118750 0.033333
0 0.438437 0.820000 0.051875 0.031667
0 0.515312 0.823333 0.085625 0.040000
0 0.576875 0.824167 0.016250 0.026667
0 0.609375 0.824167 0.040000 0.021667
0 0.649375 0.827917 0.035000 0.022500
0 0.686875 0.823750 0.033750 0.022500
0 0.717812 0.825000 0.019375 0.018333
0 0.760625 0.824583 0.056250 0.025833
0 0.822500 0.825417 0.052500 0.027500
0 0.867188 0.822083 0.026875 0.022500
0 0.900000 0.820833 0.025000 0.021667
0 0.930312 0.821250 0.029375 0.022500
0 0.969375 0.821667 0.041250 0.026667
0 0.063437 0.821667 0.060625 0.026667
