0 0.509687 0.311667 0.283125 0.111667
0 0.755938 0.300000 0.158125 0.083333
0 0.415625 0.427083 0.281250 0.085833
0 0.656250 0.425833 0.152500 0.083333
0 0.829063 0.437917 0.136875 0.097500
0 0.910937 0.413333 0.021875 0.020000
0 0.357812 0.534583 0.094375 0.040833
0 0.445000 0.531250 0.068750 0.034167
0 0.499688 0.530833 0.026875 0.035000
0 0.549687 0.530417 0.060625 0.032500
0 0.628437 0.531667 0.066875 0.030000
0 0.711250 0.532083 0.075000 0.030833
0 0.787188 0.531667 0.046875 0.030000
0 0.853437 0.532083 0.069375 0.029167
