0 0.773958 0.393359 0.035417 0.017969
0 0.763542 0.367188 0.039583 0.021875
0 0.552604 0.265625 0.017708 0.018750
0 0.769792 0.261328 0.018750 0.022656
0 0.598958 0.369531 0.102083 0.020313
0 0.759375 0.312891 0.089583 0.017969
0 0.832292 0.258984 0.027083 0.022656
0 0.815625 0.392188 0.041667 0.021875
0 0.763021 0.232422 0.069792 0.017969
0 0.869271 0.390625 0.059375 0.023438
0 0.577083 0.291016 0.060417 0.021094
0 0.717708 0.393750 0.068750 0.018750
0 0.640104 0.289844 0.053125 0.018750
0 0.683854 0.234375 0.073958 0.017188
0 0.679688 0.314453 0.065625 0.017969
0 0.705208 0.341797 0.054167 0.021094
0 0.686458 0.287500 0.035417 0.015625
0 0.781250 0.340625 0.033333 0.018750
0 0.568750 0.342187 0.031250 0.018750
0 0.800000 0.260547 0.033333 0.016406
0 0.719792 0.262891 0.072917 0.019531
0 0.802083 0.367578 0.027083 0.019531
0 0.661979 0.342187 0.030208 0.020313
0 0.581250 0.395703 0.066667 0.017969
0 0.583333 0.265625 0.035417 0.015625
0 0.733333 0.289062 0.047917 0.018750
0 0.617188 0.342578 0.048958 0.022656
0 0.721875 0.367188 0.037500 0.017188
0 0.848437 0.365625 0.053125 0.015625
0 0.839583 0.287500 0.022917 0.018750
0 0.750000 0.341797 0.022917 0.017969
0 0.641146 0.261719 0.067708 0.015625
0 0.791667 0.286328 0.058333 0.019531
0 0.647917 0.397656 0.054167 0.023438
0 0.676042 0.368750 0.041667 0.018750
