0 0.148925 0.254342 0.155914 0.156328
0 0.116129 0.466501 0.124731 0.129032
0 0.232258 0.476427 0.053763 0.099256
0 0.320430 0.478908 0.066667 0.104218
0 0.388172 0.486352 0.030108 0.074442
0 0.487634 0.468983 0.117204 0.099256
0 0.661290 0.475186 0.116129 0.151365
0 0.766129 0.460298 0.031183 0.086849
0 0.146774 0.611663 0.162366 0.101737
0 0.309140 0.612903 0.089247 0.089330
0 0.397849 0.607940 0.062366 0.084367
0 0.490860 0.624069 0.093548 0.151365
0 0.571505 0.602978 0.029032 0.059553
0 0.696774 0.581886 0.152688 0.101737
0 0.813978 0.579404 0.034409 0.091811
0 0.105376 0.729529 0.075269 0.099256
0 0.223118 0.730769 0.084946 0.111663
0 0.303226 0.735732 0.023656 0.071960
0 0.405376 0.733251 0.120430 0.111663
0 0.486559 0.717122 0.022581 0.104218
0 0.539247 0.727047 0.033333 0.069479
0 0.615054 0.743176 0.096774 0.136476
0 0.729032 0.712159 0.068817 0.089330
0 0.180108 0.877171 0.213978 0.116625
0 0.393011 0.873449 0.145161 0.138958
0 0.539247 0.841191 0.074194 0.104218
0 0.656989 0.846154 0.129032 0.094293
0 0.769355 0.841191 0.056989 0.114144
0 0.815054 0.842432 0.025806 0.111663
