0 0.474375 0.332083 0.181250 0.042500
0 0.432188 0.379583 0.096875 0.040833
0 0.501250 0.379583 0.027500 0.040833
0 0.452813 0.427083 0.138125 0.042500
0 0.473125 0.477917 0.176250 0.044167
0 0.388437 0.534167 0.024375 0.015000
0 0.412500 0.533750 0.018750 0.015833
0 0.442500 0.533333 0.030000 0.013333
0 0.480000 0.533333 0.038750 0.013333
0 0.515312 0.532500 0.019375 0.015000
0 0.540312 0.530417 0.025625 0.014167
0 0.571875 0.529583 0.025000 0.014167
0 0.605313 0.527917 0.036875 0.014167
0 0.389375 0.795833 0.021250 0.010000
0 0.415000 0.795000 0.026250 0.011667
