0 0.766406 0.563542 0.067187 0.039583
0 0.414062 0.561458 0.050000 0.047917
0 0.384375 0.358333 0.034375 0.054167
0 0.273438 0.465625 0.037500 0.056250
0 0.702344 0.563542 0.042188 0.035417
0 0.778906 0.358333 0.095312 0.054167
0 0.704688 0.252083 0.206250 0.075000
0 0.664062 0.459375 0.268750 0.064583
0 0.603906 0.835417 0.117188 0.050000
0 0.484375 0.842708 0.109375 0.047917
0 0.409375 0.455208 0.200000 0.064583
0 0.605469 0.561458 0.129688 0.035417
0 0.374219 0.838542 0.098437 0.052083
0 0.902344 0.354167 0.110937 0.066667
0 0.429688 0.900000 0.128125 0.045833
0 0.145313 0.350000 0.237500 0.070833
0 0.462500 0.561458 0.028125 0.043750
0 0.315625 0.357292 0.068750 0.056250
0 0.550781 0.253125 0.057813 0.052083
0 0.509375 0.348958 0.181250 0.064583
0 0.327344 0.558333 0.101562 0.045833
0 0.558594 0.894792 0.117188 0.047917
0 0.665625 0.352083 0.096875 0.066667
0 0.507812 0.562500 0.043750 0.041667
0 0.211719 0.458333 0.054688 0.066667
0 0.340625 0.247917 0.321875 0.070833
0 0.225781 0.558333 0.085938 0.045833
0 0.493750 0.112500 0.325000 0.079167
