0 0.605000 0.612083 0.063750 0.024167
0 0.651563 0.612500 0.020625 0.025000
0 0.698750 0.608750 0.030000 0.020833
0 0.735313 0.611667 0.033125 0.023333
0 0.364063 0.694583 0.036875 0.015833
0 0.409062 0.694583 0.048125 0.017500
0 0.447188 0.694167 0.020625 0.016667
0 0.476562 0.695000 0.030625 0.020000
0 0.520625 0.693333 0.050000 0.020000
0 0.380937 0.779583 0.039375 0.010833
0 0.541875 0.740833 0.026250 0.011667
0 0.579688 0.740000 0.044375 0.015000
0 0.622188 0.741250 0.035625 0.015833
0 0.647188 0.741250 0.009375 0.012500
0 0.683750 0.740000 0.038750 0.015000
0 0.738750 0.738750 0.047500 0.012500
0 0.561250 0.761667 0.038750 0.018333
0 0.592500 0.761250 0.017500 0.012500
0 0.619687 0.761250 0.030625 0.012500
0 0.649687 0.760000 0.023125 0.011667
0 0.669063 0.760417 0.009375 0.012500
0 0.700000 0.759583 0.025000 0.010833
0 0.738750 0.759583 0.047500 0.012500
0 0.738750 0.779583 0.047500 0.012500
0 0.606250 0.780417 0.021250 0.015833
0 0.643125 0.780833 0.046250 0.011667
0 0.674687 0.780833 0.010625 0.011667
0 0.701875 0.780833 0.020000 0.018333
0 0.635000 0.019583 0.070000 0.015833
0 0.679063 0.019167 0.011875 0.013333
0 0.724375 0.018750 0.070000 0.015833
0 0.437812 0.392500 0.199375 0.065000
0 0.652500 0.390833 0.202500 0.056667
0 0.509687 0.467083 0.336875 0.067500
0 0.394375 0.529167 0.105000 0.030000
0 0.540312 0.528333 0.089375 0.033333
0 0.687187 0.522500 0.105625 0.028333
0 0.373750 0.616250 0.060000 0.020833
0 0.424063 0.615833 0.030625 0.018333
0 0.471250 0.615417 0.053750 0.020833
0 0.515312 0.614167 0.025625 0.023333
0 0.550937 0.612083 0.038125 0.025833
