0 0.512813 0.121667 0.101875 0.026667
0 0.609062 0.121667 0.078125 0.025000
0 0.375000 0.207500 0.147500 0.048333
0 0.529062 0.204583 0.144375 0.044167
0 0.516875 0.257500 0.116250 0.045000
0 0.396875 0.256250 0.105000 0.034167
0 0.374375 0.338750 0.028750 0.025833
0 0.446250 0.337083 0.098750 0.029167
0 0.585625 0.336667 0.095000 0.026667
0 0.723750 0.335833 0.161250 0.028333
0 0.480938 0.838333 0.124375 0.033333
0 0.481250 0.882083 0.131250 0.030833
0 0.412813 0.973333 0.026875 0.028333
0 0.499063 0.970417 0.130625 0.030833
0 0.375937 0.105000 0.159375 0.058333
