0 0.446250 0.646250 0.040000 0.035833
0 0.516563 0.649167 0.038125 0.033333
0 0.401250 0.472500 0.086250 0.043333
0 0.573750 0.468750 0.218750 0.050833
0 0.733125 0.471250 0.040000 0.062500
0 0.433437 0.550833 0.064375 0.043333
0 0.605938 0.545417 0.226875 0.049167
0 0.573125 0.234583 0.233750 0.064167
0 0.561875 0.320833 0.402500 0.085000
0 0.412813 0.392500 0.061875 0.021667
0 0.472813 0.390417 0.053125 0.022500
0 0.523125 0.386667 0.033750 0.021667
0 0.585625 0.385417 0.082500 0.020833
0 0.644062 0.382500 0.026875 0.020000
0 0.683125 0.383333 0.043750 0.023333
0 0.733437 0.380417 0.048125 0.017500
0 0.536563 0.415833 0.054375 0.021667
0 0.598750 0.412917 0.062500 0.019167
