0 0.145313 0.835417 0.103125 0.054167
0 0.635156 0.838542 0.239063 0.064583
0 0.391406 0.485417 0.595313 0.095833
0 0.491406 0.359375 0.554688 0.110417
0 0.734375 0.622917 0.165625 0.104167
0 0.279687 0.839583 0.128125 0.062500
0 0.371094 0.737500 0.270313 0.095833
0 0.353125 0.616667 0.059375 0.095833
0 0.652344 0.741667 0.204687 0.091667
0 0.828906 0.838542 0.107813 0.060417
0 0.239844 0.613542 0.120313 0.093750
0 0.517969 0.614583 0.217188 0.095833
0 0.807813 0.490625 0.162500 0.093750
0 0.427344 0.838542 0.135937 0.064583
