0 0.456250 0.393750 0.196875 0.091667
0 0.327344 0.284375 0.201563 0.097917
0 0.207031 0.897917 0.189062 0.062500
0 0.440625 0.681250 0.071875 0.095833
0 0.523438 0.268750 0.156250 0.091667
0 0.481250 0.905208 0.331250 0.072917
0 0.208594 0.145833 0.107813 0.087500
0 0.680469 0.691667 0.370312 0.104167
0 0.316406 0.565625 0.254688 0.093750
0 0.757031 0.894792 0.195312 0.060417
0 0.241406 0.696875 0.279687 0.102083
0 0.696875 0.269792 0.143750 0.093750
0 0.501563 0.566667 0.078125 0.087500
0 0.551562 0.145833 0.528125 0.087500
0 0.661719 0.562500 0.185938 0.087500
