0 0.297656 0.444792 0.032813 0.035417
0 0.553906 0.629167 0.173437 0.066667
0 0.663281 0.440625 0.095312 0.035417
0 0.292187 0.636458 0.306250 0.081250
0 0.461719 0.555208 0.114062 0.064583
0 0.914844 0.444792 0.095312 0.035417
0 0.746875 0.319792 0.400000 0.127083
0 0.562500 0.441667 0.090625 0.037500
0 0.457813 0.442708 0.025000 0.031250
0 0.228125 0.556250 0.312500 0.075000
0 0.376563 0.444792 0.125000 0.035417
0 0.489063 0.444792 0.040625 0.031250
0 0.763281 0.441667 0.035937 0.037500
0 0.727344 0.444792 0.023438 0.035417
0 0.821875 0.445833 0.071875 0.033333
0 0.508594 0.293750 0.623437 0.170833
0 0.619531 0.553125 0.179688 0.068750
