0 0.350781 0.541667 0.029687 0.041667
0 0.361719 0.453125 0.026562 0.043750
0 0.150781 0.712500 0.220312 0.087500
0 0.901563 0.444792 0.071875 0.064583
0 0.434375 0.442708 0.093750 0.064583
0 0.383594 0.707292 0.198437 0.068750
0 0.214062 0.438542 0.118750 0.064583
0 0.868750 0.531250 0.112500 0.062500
0 0.764062 0.529167 0.065625 0.070833
0 0.644531 0.442708 0.073438 0.068750
0 0.571875 0.443750 0.043750 0.066667
0 0.692187 0.533333 0.046875 0.058333
0 0.634375 0.535417 0.040625 0.062500
0 0.518750 0.441667 0.040625 0.058333
0 0.549219 0.539583 0.098437 0.054167
0 0.766406 0.445833 0.148438 0.058333
0 0.185938 0.533333 0.150000 0.058333
0 0.302344 0.534375 0.051562 0.064583
0 0.314063 0.443750 0.056250 0.070833
0 0.060156 0.530208 0.067187 0.072917
0 0.098437 0.439583 0.087500 0.062500
0 0.432031 0.531250 0.107813 0.062500
