0 0.346215 0.397554 0.337052 0.108053
0 0.644223 0.406728 0.195219 0.101937
0 0.883267 0.417431 0.203187 0.086646
0 0.084064 0.878695 0.163347 0.067278
0 0.259761 0.875127 0.145020 0.047910
0 0.371315 0.874108 0.047809 0.054027
0 0.510359 0.875127 0.156972 0.054027
0 0.736653 0.883792 0.260558 0.067278
0 0.921116 0.874618 0.071713 0.055046
0 0.139841 0.962793 0.249402 0.054027
0 0.351793 0.963812 0.120319 0.051988
0 0.483665 0.964832 0.097211 0.051988
0 0.642629 0.962793 0.158566 0.056065
0 0.844223 0.966871 0.211155 0.066259
